-70.605400 16.934500 0.746163
-67.030403 17.412300 -2.780000
-70.664597 20.555099 2.900000
-72.175598 15.417600 4.810400
-70.129601 11.471200 -0.469112
-62.323799 17.201900 -4.617470
-64.196999 25.021099 -1.704040
-69.404701 28.615101 4.589440
-72.690697 23.634600 6.059170
-74.440300 22.323999 9.909760
-75.670799 13.369000 9.916980
-75.263702 8.009340 10.053400
-73.292702 5.036970 7.851140
-66.258698 4.497940 0.080512
-59.574699 9.572390 -5.737690
-59.591202 17.539301 -6.434970
-58.783199 26.900101 -4.824220
-62.905300 30.058701 -2.743660
-66.209702 32.636101 3.622560
-69.291397 32.524601 9.644620
-72.519302 26.741199 13.310300
-74.233002 24.488001 20.540800
-76.614403 20.537100 21.624100
-76.443497 17.219801 14.463800
-77.620697 10.165600 17.960800
-75.674400 3.994350 15.158100
-68.676003 -0.482758 8.847240
-67.010201 -0.503062 4.766050
-64.889198 1.064540 1.577940
-59.598099 3.424790 -3.490600
-54.470600 5.313370 -6.239040
-52.835098 11.122800 -7.495940
-54.038300 18.260401 -7.433720
-51.800800 29.179199 -6.520490
-56.696400 32.491600 -5.568950
-59.851898 35.632401 -3.251750
-61.470600 39.001099 -0.888690
-66.442299 37.451900 4.965010
-69.133904 38.895199 8.395370
-72.732597 36.370300 11.954600
-71.959702 32.715801 14.010200
-73.451797 29.136200 16.584900
-74.209198 28.431000 20.924000
-71.866096 27.023500 28.236700
-73.047997 22.856600 35.080399
-77.958801 15.575000 23.233200
-77.253799 9.747360 25.968599
-74.964401 3.919480 20.862200
-70.384697 0.125104 19.224199
-69.382500 -0.880693 14.349500
-69.881203 -5.365800 8.518650
-67.367500 -10.122400 -2.077910
-64.568100 -2.746980 -1.690040
-57.016399 0.757857 -6.983820
-49.667599 7.348390 -7.335000
-43.061600 11.234700 -7.246780
-48.058701 18.178400 -7.266550
-48.933498 31.104200 -6.159970
-52.596600 31.920099 -7.727790
-55.342899 34.305302 -13.738300
-59.153099 37.827499 -8.659680
-58.889301 40.997101 -7.792360
-59.963299 42.778099 -6.593790
-59.376701 46.202999 -4.757150
-59.955200 43.754501 -0.010002
-64.517799 40.664799 3.292160
-68.977501 42.155201 11.175000
-74.310799 40.324200 16.194901
-74.590797 35.995701 17.800400
-75.256599 31.521999 18.286800
-74.600700 34.004101 23.895700
-74.086601 31.913700 28.576700
-72.750099 32.005699 32.526001
-72.637802 29.332701 37.762600
-73.476997 21.332399 40.695900
-75.109398 17.362700 33.506001
-75.703201 12.041900 30.987801
-73.683701 5.998620 29.087000
-68.016502 0.696597 27.137899
-66.006302 -2.272550 28.694500
-69.477203 -2.892180 19.382500
-71.869904 -8.203520 20.504900
-71.793602 -6.962390 13.342300
-71.675903 -12.358400 7.852760
-69.073799 -14.367500 0.919834
-65.618401 -13.887200 -4.504030
-61.101398 -7.869180 -7.662960
-56.587101 -9.597690 -11.660800
-49.051899 3.544360 -9.944570
-41.993999 6.807510 -11.425300
-35.417198 16.508699 -3.792740
-43.888302 18.247499 -6.267800
-41.232700 22.870501 -4.925700
-40.227200 29.423599 -3.262080
-44.785900 30.500799 -4.501600
-46.480999 32.710499 -6.061670
-49.411301 34.200298 -13.822300
-49.139599 38.333900 -29.403400
-52.134102 36.970200 -26.547199
-55.260502 36.678101 -21.971701
-59.391201 40.289299 -16.648100
-57.427101 43.296700 -24.279800
-57.675201 44.686501 -19.281200
-60.557201 45.213001 -15.376400
-61.132702 48.484100 -15.434900
-59.077202 51.496601 -12.286900
-56.138401 47.478699 -1.943540
-58.265598 44.755199 3.552750
-61.635300 43.192501 4.313390
-67.213203 43.906200 14.894600
-68.181000 43.660099 21.388000
-71.508904 41.913300 23.322201
-74.802902 38.165401 24.468800
-71.167801 36.555199 32.660400
-71.083504 30.692699 40.834202
-72.416298 18.325100 45.951900
-75.776604 15.298400 41.235100
-76.614601 10.113500 39.921700
-75.921097 7.428190 34.827202
-72.921402 2.564000 36.400398
-68.612801 2.177120 30.778200
-60.561401 -2.037000 36.492802
-59.532101 -5.919820 36.828499
-68.292900 -6.689450 28.204901
-71.895897 -13.608100 24.339399
-73.110802 -12.243400 15.871700
-71.554497 -17.260000 8.963000
-69.273903 -17.624001 3.620530
-68.126999 -25.382601 -1.180650
-67.345497 -19.173901 -3.775990
-59.936100 -15.635900 -11.461200
-58.277000 -13.650000 -12.114000
-53.392300 -13.646000 -14.430200
-49.416901 -11.402400 -14.826600
-50.862000 -7.315730 -13.685200
-48.046600 -3.260990 -13.001700
-45.841000 1.302660 -13.095500
-38.964199 1.196930 -15.822200
-34.729099 8.403090 -12.543800
-31.908001 12.879800 -9.276870
-27.144501 15.910400 -6.160170
-31.625900 18.090500 -1.324260
-34.949600 18.042101 -2.720340
-35.908901 23.271500 -2.221560
-36.235001 27.959801 0.731353
-38.074799 30.959801 -0.590538
-42.628201 33.728100 -0.973962
-43.738300 36.996799 -0.848208
-45.547100 36.569599 -5.107650
-45.944401 39.188099 -16.770800
-47.268902 36.243301 -16.044399
-45.840698 41.409500 -27.386600
-48.049500 43.830299 -39.470600
-51.146301 40.068699 -38.748501
-54.674500 39.343899 -39.979401
-57.578999 39.931301 -30.189899
-54.955502 46.407398 -37.468498
-56.223099 50.875702 -35.490101
-57.952099 53.060501 -33.740002
-60.568901 49.942799 -24.086599
-61.673199 51.601601 -23.511000
-62.593800 59.246201 -36.432301
-61.097500 61.827702 -37.114201
-58.334202 57.363899 -22.633301
-55.881802 53.879501 -13.107900
-53.380901 47.117901 -0.676503
-54.019699 45.349201 6.321790
-59.320702 45.146900 9.358720
-61.872700 45.576302 19.032700
-64.262001 44.216400 26.703199
-68.501602 40.671200 31.541700
-68.551804 37.938702 35.720402
-67.723396 32.971100 42.565102
-67.481499 26.329500 48.588501
-69.094299 20.431101 50.649601
-69.493301 14.450300 49.876598
-73.344002 10.788200 47.515999
-75.632202 12.296200 44.536499
-75.737099 6.781140 42.269001
-72.641197 2.797860 42.124100
-69.274498 0.630203 39.518700
-68.418701 1.459740 44.794300
-61.305401 0.000175 45.860001
-58.525398 -1.583550 40.115101
-56.724602 -4.030310 38.741501
-55.873501 -8.321470 39.920200
-59.576199 -12.206800 38.663300
-64.734299 -14.152700 34.831402
-69.781898 -15.626500 28.772200
-71.302902 -21.532000 24.597500
-73.097000 -20.234100 19.804399
-72.606102 -15.111200 16.106001
-72.956703 -20.063299 14.056200
-71.527802 -20.928499 6.386770
-70.855003 -24.663500 6.071690
-69.333199 -27.140200 8.405220
-64.283798 -30.173500 -3.072520
-65.034698 -24.640100 -4.611510
-62.439301 -26.379200 -8.250340
-57.856701 -25.479500 -13.701000
-53.273899 -26.687500 -15.707900
-51.529701 -15.301600 -14.760500
-47.369202 -15.808300 -17.147400
-43.411900 -14.688700 -17.498600
-42.367802 -10.973800 -17.573999
-46.129902 -7.666580 -16.849199
-44.427200 -3.722700 -15.808500
-33.812901 -0.627059 -17.464500
-29.032400 -1.591390 -17.316500
-28.119301 2.057410 -15.121900
-29.180201 7.815780 -13.611000
-22.651899 12.581400 -9.450360
-20.345301 15.150400 -4.682360
-20.519800 17.374800 1.831800
-28.650700 19.098900 4.463620
-31.916100 20.685900 1.094350
-33.348900 28.143801 4.403290
-34.115299 33.427399 2.460980
-36.437199 34.817699 0.607070
-39.758099 39.148499 -0.048513
-45.015499 41.716801 1.679520
-46.122700 40.870399 -1.444260
-46.532501 43.325001 -7.556140
-45.201698 43.344898 -12.950800
-44.469799 47.033199 -28.429399
-45.956100 48.321899 -39.379200
-46.021500 50.503899 -45.567299
-49.849701 41.985600 -43.641399
-49.530899 43.997002 -49.023701
-52.895901 44.593601 -49.292500
-54.942299 42.195202 -42.736900
-54.389198 48.383499 -40.956799
-53.780998 56.883202 -47.582500
-56.820702 58.440701 -42.711498
-61.873402 60.774502 -41.780899
-62.105301 55.581501 -33.366600
-61.473499 66.318703 -48.345600
-60.707600 68.447899 -48.277401
-57.813900 66.585098 -42.343800
-57.161800 62.680000 -34.787899
-55.697701 60.269699 -26.485100
-54.139301 56.313400 -17.620701
-51.208401 52.237400 -11.694500
-49.437901 44.235600 -1.107680
-49.981701 44.459599 3.966530
-45.063801 44.574902 5.233940
-50.541801 46.168800 16.938400
-56.855099 46.277699 18.601601
-57.426998 45.643299 26.761000
-60.394100 42.528599 35.264400
-62.885101 37.645199 41.562000
-62.514198 28.757401 50.389400
-64.837196 20.569401 53.857101
-65.229202 15.339000 53.547100
-64.419998 11.558700 51.002499
-69.239998 9.090980 50.392700
-71.997597 5.439460 46.906101
-67.965103 4.065860 48.598301
-63.449001 6.872040 50.642502
-61.557800 5.992390 52.031502
-57.781502 3.309500 51.827599
-55.128502 1.112300 47.822601
-52.030201 -0.521539 39.188202
-48.339298 0.164595 38.988499
-53.483501 -13.603100 43.589199
-56.790798 -14.747400 42.000999
-61.189701 -22.616800 39.272400
-63.326302 -18.485100 35.993698
-68.173500 -22.694599 29.390301
-67.703499 -27.649200 24.214100
-69.639297 -25.975700 20.888201
-70.045502 -25.884300 13.908400
-69.688599 -30.319700 18.337999
-69.187103 -30.513500 10.471400
-65.966599 -34.240799 3.608760
-65.107597 -32.883900 1.110830
-61.933800 -36.798199 -2.782560
-61.528702 -29.269800 -7.017520
-56.703400 -35.591702 -8.397670
-54.981400 -35.237801 -10.869500
-49.284302 -35.164200 -15.003500
-48.529499 -26.305201 -17.521900
-45.171299 -28.793501 -17.797300
-39.640400 -15.460000 -20.316000
-37.813999 -4.057010 -17.159100
-28.314199 -6.425380 -19.674101
-20.654800 -0.272726 -17.872200
-23.228701 6.605310 -13.155000
-18.245899 8.356670 -10.349300
-15.516500 11.783400 -5.711320
-13.893700 13.716600 -0.247316
-13.130500 15.064400 5.545080
-19.325001 17.797501 9.174040
-25.628599 19.058300 10.704100
-27.660200 20.422100 12.155500
-31.885799 24.314699 5.457610
-32.536301 31.463200 11.750900
-32.480202 33.116600 6.361930
-27.531000 36.515202 1.191920
-15.272500 43.638901 -4.863930
-18.294001 44.352402 -7.374290
-30.402399 38.378399 -2.097120
-34.139900 42.845901 -3.043240
-40.030300 44.604900 0.909985
-45.644100 50.589699 -20.391199
-44.591900 48.630402 -23.077801
-45.285702 53.037601 -39.276600
-45.558102 57.218399 -45.434898
-45.140499 54.582100 -51.854599
-46.548401 50.217701 -55.492901
-50.301498 50.070301 -55.780602
-52.552502 52.442501 -49.263302
-49.828602 59.459999 -56.527599
-52.075500 65.410103 -55.207901
-54.309101 61.502399 -49.896000
-56.251900 66.197502 -51.886600
-57.523701 70.081200 -52.652500
-56.646702 70.018997 -48.727001
-52.376202 71.254204 -52.986000
-52.167500 65.250801 -44.678799
-53.772999 62.764702 -36.856300
-51.155399 59.028198 -26.929701
-47.798401 52.875000 -18.789101
-48.582802 57.516102 -29.194401
-46.495602 57.056400 -38.903400
-48.405998 63.245201 -46.753700
-45.366901 60.302502 -50.404301
-43.876999 59.275902 -59.125599
-45.050900 53.927898 -58.097099
-46.692299 58.771999 -59.885601
-48.910999 67.105103 -59.112598
-51.188000 71.058998 -57.518902
-47.471001 69.891602 -56.277100
-50.109501 61.105701 -38.592701
-44.819500 67.672203 -59.011101
-44.074699 62.759800 -60.705799
-43.085999 46.313999 5.359030
-44.400002 45.587799 10.989900
-41.326599 45.531700 14.961900
-44.314899 45.844200 22.630199
-49.909199 45.980202 27.328300
-54.471901 43.834900 33.596802
-50.837002 41.049900 39.128601
-58.911301 37.396801 43.519798
-57.408100 33.072102 47.569698
-59.562801 22.305500 54.298500
-61.751900 17.624300 55.133801
-62.015999 12.645100 53.051399
-56.612999 8.524730 55.465099
-53.423302 3.351370 51.612301
-50.228901 3.250320 48.529202
-46.876099 3.564790 41.123798
-45.286900 2.837370 37.972099
-44.518600 -0.414823 39.219601
-46.928902 -7.549710 43.332401
-50.686699 -16.785500 44.002399
-55.137901 -22.061899 43.098701
-54.217899 -30.290600 41.346100
-62.753601 -27.717600 36.041599
-66.664299 -29.308300 30.382999
-65.013603 -33.342602 24.901899
-65.080597 -34.934399 18.872801
-65.958504 -33.799702 13.254600
-64.947800 -36.711800 7.327280
-58.832500 -40.025501 1.691810
-52.965900 -41.529301 -3.757130
-57.636501 -37.713200 -6.094490
-46.640301 -44.655102 -5.621880
-43.728901 -40.594898 -12.942300
-39.054699 -34.329601 -17.505699
-39.155399 -28.881399 -19.982800
-41.077999 -22.992300 -19.665001
-37.513500 -20.318600 -20.872900
-31.917900 -18.118999 -20.093399
-36.214699 -11.464600 -20.856701
-28.302099 -13.234800 -20.338100
-23.732300 -9.780620 -19.818899
-17.313601 -3.603520 -18.434000
-16.778299 3.358740 -15.712300
-11.412800 6.999670 -12.254000
-7.682760 12.307700 -4.997370
1.299540 15.148600 -2.505950
-9.485710 15.079400 4.380040
-7.819300 16.285299 13.507700
-12.470900 15.525400 13.763000
-17.190701 17.017799 15.588600
-21.391199 16.621300 21.060400
-24.806200 17.424801 18.230200
-26.745199 18.174200 18.118700
-30.490900 24.917000 14.732800
-32.536400 27.109800 20.615999
-33.632599 34.772499 13.402000
-32.177101 34.881199 10.711000
-27.053301 38.448601 7.512080
-21.093700 40.596401 3.484520
-17.050501 42.135799 0.554045
-15.163600 43.102299 -1.380100
-4.121380 47.627899 -4.468100
-1.325480 48.570301 -7.116220
-4.731290 49.493500 -10.710100
-5.294330 51.985401 -13.455700
-13.196400 49.960800 -12.317700
-19.797001 50.088402 -11.481600
-31.082701 45.640701 -5.472420
-27.082399 52.385700 -8.386580
-26.876600 56.462200 -7.849660
-35.540798 51.699799 -1.028420
-32.868000 55.984100 -0.414936
-38.514999 50.793701 5.477850
-40.730999 46.538502 10.911900
-37.737801 44.212502 15.909500
-38.613899 44.115501 25.326300
-41.116001 43.608700 31.882099
-45.450199 42.816299 35.658199
-42.044201 40.680099 36.323399
-48.588902 38.373100 40.153999
-53.415199 32.603802 46.924500
-52.362801 28.032200 48.532902
-53.064800 20.603300 51.393200
-56.702900 18.892599 53.813000
-58.708801 16.380699 54.637001
-52.421501 13.847200 54.563599
-51.027401 7.625400 53.960701
-48.108398 8.986350 51.892300
-44.590698 8.100510 42.363098
-39.349701 4.797440 37.398102
-37.896198 2.452810 37.243999
-38.341801 -3.609100 42.029499
-39.378799 -9.189170 44.640400
-37.098301 -14.085500 44.984299
-45.250401 -11.802700 44.302101
-44.469299 -17.552099 47.029999
-50.584999 -22.011600 45.685699
-48.067699 -26.859800 45.854500
-46.546299 -33.871300 42.824799
-53.445202 -37.810699 37.220798
-56.792500 -36.071201 36.157799
-58.907299 -32.150501 36.415199
-61.605598 -34.509399 30.592300
-58.898399 -39.391201 29.444500
-61.876598 -40.913300 16.101500
-61.330200 -38.525902 23.987600
-64.006699 -38.315102 17.614500
-60.626801 -40.771000 8.131460
-57.044201 -43.376499 3.447490
-49.035500 -47.320202 -1.458740
-39.426998 -48.286900 -3.805710
-37.632198 -45.606899 -7.415100
-34.668900 -44.258598 -9.679580
-38.211700 -40.808300 -13.070200
-33.392200 -36.992500 -14.442300
-30.171801 -35.797600 -15.338000
-29.463900 -30.732300 -18.014200
-29.804701 -24.970900 -20.345100
-35.382900 -24.551201 -20.006901
-27.974199 -19.469101 -20.627100
-24.247999 -17.586800 -21.661501
-16.915701 -7.308610 -20.358000
-10.058700 -5.628480 -21.812099
-7.789630 -2.035250 -20.130501
-10.438600 1.345690 -16.283501
-5.896260 5.975380 -13.233700
-6.065670 9.561880 -9.964860
2.079720 11.978300 -6.335130
10.277600 15.947100 -6.926430
6.800790 18.082399 0.145465
-2.750380 16.386299 3.990850
1.379490 18.369101 7.628120
4.016630 19.589899 16.995001
-1.678150 17.492701 19.952299
-7.684910 14.865000 20.772800
-11.707600 14.685700 19.621300
-20.936501 13.219100 28.286900
-26.807400 12.782900 26.406799
-28.271000 15.161400 24.831200
-32.493099 20.107700 32.053101
-28.839500 20.677500 22.588400
-32.669201 24.348499 26.919500
-35.738701 27.596600 28.138300
-35.589001 34.412498 19.559200
-34.544701 37.810600 17.067600
-33.055099 40.453800 13.458100
-29.657499 43.290199 10.776700
-25.150499 44.685600 8.448280
-17.983601 46.219601 4.461710
-6.181210 48.575100 -0.933443
-0.152366 51.693901 -5.552130
3.206560 51.548302 -10.805900
3.487070 52.308899 -13.622500
0.532564 53.538601 -15.394300
-1.761390 57.247700 -18.001900
-9.552100 56.516998 -15.969000
-18.258600 54.663799 -13.350200
-17.249500 61.397099 -13.341400
-25.507700 61.128101 -6.722400
-28.578400 60.100700 -1.605820
-29.988100 57.081501 3.932790
-31.504801 50.945900 8.921970
-36.374298 45.960899 12.734300
-35.273602 41.244099 16.357201
-37.631001 41.535301 28.715401
-43.081902 35.402599 38.428200
-46.900501 32.942902 40.169998
-50.575699 22.268000 47.466999
-48.712002 15.625600 50.680599
-44.475101 12.547000 44.242100
-39.319901 13.521700 41.481899
-39.638302 8.318810 40.028999
-35.548901 6.360750 34.886600
-29.915701 4.012230 35.839298
-29.563801 -0.941676 40.454601
-34.232800 -0.695232 39.507500
-35.394001 -7.635110 42.971100
-32.312599 -13.629400 46.434700
-32.833698 -18.644100 45.891300
-36.847198 -20.767200 46.546398
-40.095501 -16.642500 46.951599
-40.677502 -23.156799 45.848801
-44.554600 -20.691401 47.314201
-43.520901 -29.102600 44.732201
-38.848400 -30.252899 46.272400
-42.599602 -36.027100 43.238098
-49.643299 -41.653801 35.660999
-50.972801 -45.197201 27.754801
-56.009899 -43.123501 24.277800
-58.709099 -42.968899 17.431999
-56.739101 -45.517502 11.399800
-53.204498 -48.336300 9.623820
-53.417500 -46.428001 4.234060
-44.238701 -49.631401 0.438290
-41.896500 -49.906200 0.344355
-40.067001 -52.883400 2.371340
-37.901402 -54.862301 -3.185090
-36.583302 -57.441399 -4.463540
-33.193501 -58.445301 -6.760960
-31.573500 -49.249298 -10.703200
-30.400499 -45.900200 -12.044500
-32.994099 -40.602501 -12.829700
-26.430000 -38.712101 -16.495899
-26.429100 -32.926998 -17.572599
-23.756701 -26.523899 -19.545000
-24.146200 -23.378099 -19.857700
-20.003099 -21.168100 -22.415899
-11.896200 -16.579300 -23.052299
-9.895350 -10.338100 -22.280500
-0.476787 -12.002800 -23.069700
1.555980 -5.499360 -21.188499
-2.987130 -2.349110 -20.706699
-1.594050 3.114350 -17.045799
-0.693354 6.190560 -14.447600
7.969330 10.873700 -11.138800
14.187500 11.306200 -10.060800
16.943600 15.929100 -5.183770
17.731100 20.242201 2.453060
8.984190 19.806700 5.656870
12.268600 20.974199 12.484800
10.006600 20.313200 21.434401
8.669300 19.035500 26.579000
1.319290 16.785000 25.970501
3.070090 14.024800 32.694801
-8.496740 11.235700 29.212299
-11.789900 12.147500 24.601999
-13.927700 8.826930 30.890900
-15.798600 6.940390 33.521198
-22.867300 9.027970 32.142700
-29.212900 11.820100 27.638901
-32.673302 15.575300 33.695900
-40.205601 19.072201 39.853699
-40.482601 23.056400 37.890099
-38.896702 27.701700 33.133701
-37.287498 31.174999 29.958900
-37.146198 36.808498 26.982201
-41.056801 38.253700 34.407799
-42.468800 30.986700 34.937801
-45.543201 27.834900 37.066502
-46.750999 23.953800 40.320499
-44.969299 17.129499 43.448101
-32.719799 11.268500 34.085098
-32.002899 8.191570 32.293701
-23.271900 1.903830 37.726398
-27.215500 -5.302860 43.104801
-30.078501 -9.565260 43.782799
-28.126200 -14.755400 44.672600
-28.511299 -19.401699 44.662998
-31.186300 -23.530199 47.348400
-36.883099 -25.015200 47.095402
-35.313000 -30.308701 45.538898
-38.108200 -36.614700 42.850601
-39.897900 -42.016899 38.937199
-44.817902 -44.886902 33.937500
-49.819901 -48.505100 22.504299
-54.938000 -46.981899 19.462099
-51.279301 -49.831799 14.910300
-42.630501 -51.421700 7.374320
-40.024399 -53.952702 7.721620
-40.381302 -58.009300 5.024090
-40.014599 -59.539101 0.266163
-37.474400 -61.590801 -4.324240
-31.630899 -64.907898 -8.528700
-26.932100 -63.695599 -9.413340
-27.176201 -56.635201 -9.410780
-26.422400 -48.749599 -11.179600
-23.578600 -49.846500 -10.391300
-21.564400 -38.018101 -15.624900
-18.430799 -32.342800 -18.037300
-18.216400 -29.497299 -21.164101
-19.071899 -25.511801 -20.994699
-16.590000 -25.613300 -24.149200
-12.463800 -21.160101 -29.751801
-7.144910 -16.484400 -30.673901
-7.734190 -14.332400 -23.507900
2.731520 -13.449500 -29.334400
8.594910 -10.381900 -23.031601
2.408130 -10.403100 -22.108601
4.334080 -7.581160 -22.584700
6.589100 -3.561940 -21.094999
10.659400 0.656552 -20.704901
3.986230 2.458580 -16.791201
13.000600 7.369720 -13.817000
23.086700 13.029400 -9.483750
23.903900 16.726999 -4.955460
27.956400 19.761000 2.805620
20.317801 21.512400 8.161590
20.863800 21.584200 18.493000
19.088200 19.933399 26.516100
12.649300 17.161301 31.376101
9.217030 13.917100 35.083599
3.825420 9.809500 38.063202
-0.717674 9.266630 36.673000
-7.613250 8.964940 33.165199
-8.545580 4.856670 35.970001
-19.254200 4.464360 34.646301
-19.638700 0.675660 37.607700
-23.145700 -8.333120 42.190300
-23.754200 -14.727900 43.830898
-24.961201 -24.779499 43.939301
-29.938900 -27.823299 45.489201
-31.979700 -33.913502 45.266102
-30.031300 -37.030300 43.339199
-33.534401 -39.689201 40.279499
-34.781200 -45.525398 36.435101
-37.468498 -49.916801 27.162201
-41.393600 -50.585800 23.381800
-40.352100 -51.973301 19.748199
-40.801102 -52.559200 17.147800
-38.884300 -53.090698 12.689300
-37.065899 -54.052799 12.896300
-38.808201 -56.438999 10.196500
-39.504501 -60.933300 11.122500
-42.171200 -61.904301 6.731150
-41.949001 -62.262001 2.636950
-40.768501 -63.495201 -1.868370
-38.580002 -64.837196 -5.080420
-35.699200 -69.645500 -9.395690
-31.605900 -76.620796 -11.603600
-30.462999 -69.386299 -10.421100
-26.205299 -65.896301 -15.197000
-24.714701 -62.922501 -11.304100
-23.246599 -60.529202 -9.795260
-22.996700 -57.805401 -9.344430
-17.794800 -53.659100 -8.933900
-17.986000 -45.067902 -13.009100
-18.437700 -36.374500 -17.629299
-17.116199 -33.781399 -24.469299
-14.332600 -33.375401 -31.372499
-15.699700 -27.959200 -28.066000
-11.590000 -25.481300 -33.999199
-9.454910 -20.760500 -33.149799
-4.475620 -18.154301 -34.057098
5.616490 -14.895700 -31.842800
11.958900 -12.738400 -28.591101
14.998700 -9.986670 -21.817400
15.888400 -5.814400 -20.883499
19.286100 -2.274930 -18.668200
15.182300 2.024440 -18.191601
11.066800 4.218700 -16.313400
19.865400 6.039610 -17.174801
24.209400 8.385150 -14.042900
26.303900 11.929200 -11.149600
30.949301 14.894200 -3.778190
34.102200 13.326000 -4.537910
37.176102 16.058701 3.773980
30.563499 19.900999 11.176600
24.825800 21.464300 13.391800
28.023701 20.486401 20.123501
25.591299 19.562599 26.667700
25.949900 15.932700 32.640701
17.618900 15.520100 33.739201
15.033700 11.836100 37.939701
9.349540 7.902760 40.321899
6.569710 1.048590 43.864498
-0.702223 -0.106129 42.699501
-6.122310 1.313080 40.856800
-10.846200 -2.029840 40.994598
-13.166800 -8.101340 44.298901
-18.003599 -10.662600 44.299198
-19.149500 -17.860701 46.210499
-21.043600 -18.770700 45.115799
-20.912201 -27.491699 45.810398
-22.517099 -30.198200 44.648499
-28.356001 -30.903500 43.656399
-24.241400 -32.357399 44.968800
-26.629601 -40.419701 43.384300
-31.154301 -42.576698 40.591400
-34.154301 -48.561901 34.041901
-35.712700 -51.030201 29.186001
-35.206799 -54.033199 20.153500
-38.291870 -52.950169 17.535114
-34.339298 -54.356201 16.728901
-32.803600 -56.956699 16.978800
-34.535702 -60.726601 15.766800
-33.465801 -63.224998 18.776501
-41.455700 -63.328602 11.704000
-50.496101 -65.358803 8.964120
-51.307598 -65.592003 4.850180
-49.132801 -67.101601 -0.864311
-49.730999 -69.765900 -4.352070
-44.328098 -73.433899 -7.428550
-44.855900 -76.421097 -7.975350
-36.850101 -76.101700 -10.927500
-41.672699 -76.847801 -5.112720
-27.683500 -76.498802 -0.307575
-28.384501 -76.633301 -16.620600
-29.056000 -74.861298 -19.548000
-29.311300 -72.397301 -16.643700
-28.225000 -70.685799 -20.165199
-23.333799 -64.551598 -20.684900
-16.046000 -61.355202 -17.713600
-19.592699 -61.379200 -11.714800
-16.017099 -58.911098 -8.601480
-15.566900 -52.044899 -10.494200
-15.946600 -45.285301 -16.215099
-15.370800 -41.298801 -20.589600
-12.941100 -41.755100 -27.511700
-11.995400 -36.447102 -33.074699
-5.521600 -36.479000 -37.414001
-10.607500 -29.723400 -35.185799
-7.700810 -23.864700 -35.931099
-3.870370 -27.174500 -37.638302
1.937700 -22.928699 -37.344700
3.334950 -18.525200 -34.979099
14.967300 -15.305800 -31.408701
21.387400 -13.667400 -27.410700
29.657499 -13.747600 -23.277201
22.919399 -9.799390 -20.147400
26.190399 -3.795050 -18.673000
20.434401 2.396970 -18.829300
27.389200 1.918600 -17.407801
32.545399 2.368830 -15.204800
28.339600 9.230050 -12.982100
32.882099 11.051500 -8.501340
38.246399 5.412710 -11.102500
39.727901 7.899040 -7.617380
44.437199 8.715970 -1.651640
44.249100 11.726800 7.968810
39.188099 15.859400 12.735500
34.679798 17.909901 18.934299
31.285299 17.414700 28.269199
30.530399 13.019100 34.356602
25.614700 12.516900 36.614201
21.912300 10.527900 37.535301
17.816799 7.863740 40.961399
15.659600 3.460010 43.569401
13.988100 -0.472431 44.793499
12.135000 -2.907090 45.856602
2.727620 -3.754070 44.635101
2.906070 -9.753660 45.401798
-2.582260 -12.182100 46.438400
-8.089300 -9.889460 46.128799
-9.106030 -14.360000 45.196899
-14.424800 -12.291700 46.311401
-16.436701 -14.850600 46.105499
-13.183000 -23.772100 45.353298
-15.212200 -25.767401 43.293598
-19.939301 -33.735600 43.655499
-19.511000 -46.629902 42.975201
-22.322201 -50.689899 42.303001
-26.248899 -43.912399 42.669601
-30.884600 -46.345699 38.432999
-32.701900 -53.207401 35.671101
-33.851002 -56.547901 34.148499
-35.493401 -54.945400 27.212999
-35.465500 -59.296398 25.830799
-36.628502 -62.795898 26.166800
-36.830200 -66.765503 20.707701
-41.631401 -69.903000 21.310301
-49.026901 -66.986702 12.231900
-55.424400 -71.414398 9.128300
-53.406300 -69.835403 1.341010
-54.905399 -75.639999 1.059480
-51.469002 -73.433502 -4.784440
-52.035599 -76.286598 -4.168390
-50.220600 -76.785896 1.426080
-43.803200 -76.644096 5.701130
-37.648499 -76.676697 11.454100
-29.853600 -76.678200 6.789070
-21.423100 -76.507698 3.930120
-24.471300 -75.977501 -1.723360
-25.015499 -76.145599 -4.087110
-23.531200 -76.236000 -11.972900
-27.769800 -76.621399 -21.818800
-26.731199 -71.207397 -21.884300
-20.919901 -64.106796 -21.629801
-11.767800 -60.852299 -21.652100
-13.190500 -58.491501 -15.399700
-14.308400 -50.621300 -16.733700
-10.226900 -53.223900 -25.461300
-12.957600 -45.407398 -26.081301
-9.015460 -50.168098 -29.204000
-8.256000 -45.338501 -31.363701
-5.086190 -44.521000 -34.493000
-5.522660 -40.339199 -36.360699
2.934770 -41.226299 -36.673901
1.155430 -36.178200 -37.443501
-1.364370 -31.096600 -37.191502
2.348890 -29.305799 -37.848400
7.791480 -25.003599 -36.569000
13.827900 -21.904400 -34.421001
13.854600 -18.598700 -33.704601
23.198601 -20.794600 -31.305300
22.127300 -16.663799 -30.245199
30.263399 -18.840500 -27.854000
35.276798 -20.718201 -24.891399
30.641500 -12.947200 -21.890301
30.429399 -7.990800 -20.732000
30.609699 -4.633010 -17.699800
36.786400 -3.665170 -15.144700
38.926300 -1.885470 -13.826000
42.422600 2.267630 -9.975700
46.978699 1.508870 -7.962790
50.190399 1.372830 -4.285750
50.313599 5.855150 4.361670
49.838501 6.883140 9.540740
45.248798 11.483600 13.764300
40.628399 14.698500 20.580999
39.885502 14.269600 25.599701
34.872398 15.210700 28.136900
32.230900 9.502600 36.484001
29.334000 3.812520 39.717300
23.026100 4.838600 41.582600
20.500200 0.767471 43.798401
21.584700 -5.413500 43.837502
17.900900 -8.594030 45.822399
13.007000 -8.871320 45.420601
7.992600 -8.467660 45.620602
7.492400 -10.554800 50.916000
0.384484 -14.083900 53.840000
-4.392180 -16.699301 53.530602
-6.558370 -14.298700 46.502499
-9.456300 -16.777300 46.714500
-11.720200 -18.879000 45.558300
-8.210720 -22.274200 53.453899
-6.792330 -25.398399 56.842800
-7.785110 -30.556601 55.621101
-11.282200 -30.129499 48.403301
-13.845400 -31.519100 42.603001
-18.496500 -36.245602 43.611401
-13.507500 -39.279099 41.154598
-17.136499 -52.049198 40.136002
-21.544300 -57.172199 40.762901
-26.081400 -58.464901 40.645401
-29.585501 -55.241100 39.366600
-31.688400 -58.819801 38.595699
-35.608601 -59.046501 31.630699
-37.814899 -61.302700 31.501400
-43.293499 -67.401299 25.892799
-48.085098 -69.805099 28.424601
-44.922501 -71.438004 25.254000
-45.353500 -74.257599 20.982800
-50.329800 -72.242302 15.893300
-53.201801 -74.881104 13.002300
-56.040401 -74.457199 9.474740
-55.842602 -74.573700 2.667680
-53.870602 -76.243698 7.603490
-43.900799 -76.158501 20.917500
-37.175201 -76.842300 17.368601
-35.931000 -76.623497 14.245600
-33.962601 -75.176903 12.068300
-30.263500 -74.605003 9.617000
-27.217501 -74.174400 9.962670
-20.855700 -76.500603 10.362300
-20.474701 -76.521004 6.106470
-17.502867 -74.419495 5.458134
-22.829500 -73.980003 -5.803000
-19.990000 -71.904099 -9.989830
-19.197901 -75.523102 -16.156000
-16.049801 -76.408600 -20.934900
16.963100 -75.991997 -16.801201
-9.869640 -76.721603 -24.637199
-13.330300 -76.637100 -27.895100
-20.364300 -76.367897 -29.081301
-25.116699 -76.135002 -26.702801
-26.559500 -72.766899 -24.718700
-19.845200 -64.845596 -24.239799
-14.629900 -64.300499 -25.747101
-7.908550 -62.576698 -24.979799
-10.506000 -60.360199 -23.313900
-8.238100 -56.441898 -26.417101
-4.911640 -49.981201 -32.308601
1.084760 -52.813702 -33.501801
3.482120 -49.666302 -34.653801
1.271140 -45.241901 -36.212700
7.506090 -41.366299 -34.657299
11.070300 -32.028999 -36.119701
5.056380 -32.282600 -36.544899
14.813600 -26.001900 -35.772900
20.039600 -25.761700 -32.806198
20.617001 -34.999802 -33.346500
25.197701 -33.381802 -32.461700
26.938601 -31.880199 -30.828400
31.647800 -31.490299 -28.855499
29.708401 -27.858299 -29.054100
30.482100 -21.429501 -28.835400
36.516701 -25.639799 -25.804100
41.858002 -27.275400 -23.085899
39.313801 -20.109600 -22.425200
35.854000 -14.236100 -21.542200
36.264400 -8.884520 -20.681601
41.854801 -7.613720 -16.575600
45.302200 -2.912880 -11.829400
51.763500 -4.109870 -7.323420
55.875900 -2.910100 3.834840
58.651199 -7.520900 3.288410
57.803600 -4.524940 8.295230
55.314400 -0.651311 12.772900
50.072102 6.050670 23.749500
47.732101 7.978300 26.059000
42.843102 8.563310 31.160500
38.179100 11.333400 33.144299
35.923199 7.959420 36.722000
32.574402 3.097100 39.690300
31.449400 -1.521320 42.285702
27.726000 -1.523180 41.709702
27.676800 -8.365700 49.370998
24.129499 -11.757500 50.485401
16.253201 -10.740000 52.205799
7.682810 -12.293500 53.706699
1.764860 -17.962601 57.655800
-1.720210 -27.400600 59.603699
-2.243270 -33.532398 56.829399
-5.350140 -37.241600 53.048000
-11.216000 -38.062801 42.116600
-10.948400 -46.361698 39.129902
-13.209500 -54.059299 38.019901
-15.407500 -58.574501 38.927502
-21.914499 -62.059101 41.381802
-27.235100 -62.616299 41.698601
-34.327000 -60.889702 38.787498
-37.815498 -61.062000 38.200298
-44.939701 -63.864799 35.423100
-46.396099 -66.264099 30.531401
-50.343800 -73.277603 32.876499
-47.605301 -74.954803 25.320200
-49.374802 -75.427902 33.108200
-46.703999 -75.695297 40.878799
-39.938301 -76.030296 28.317699
-35.882401 -75.837898 29.233700
-36.111900 -76.731499 22.539101
-36.994499 -77.167000 19.488001
-28.363354 -75.603416 19.700411
-21.654499 -74.501999 12.002500
-17.137501 -76.520699 14.895900
-15.500700 -76.389900 12.161700
-18.390499 -76.428902 6.451160
-14.022900 -76.057503 12.522500
-13.086400 -76.047501 17.973499
-12.021500 -74.757004 18.886999
-9.707890 -72.366402 17.230101
-10.985200 -72.146599 9.348320
-15.473100 -71.885696 0.969729
-17.346600 -71.868103 0.699626
-18.218201 -71.819099 -1.431730
-21.078800 -71.813400 -5.904880
-15.588900 -71.424500 -14.281200
-14.357300 -75.464600 -18.752199
-5.329490 -74.968803 -18.100500
19.267401 -75.233299 -14.301900
29.719500 -75.854797 -11.938600
23.564800 -76.060898 -19.143299
20.094000 -75.093300 -21.711800
6.934940 -75.252502 -23.357100
-7.401710 -74.885002 -27.273600
-16.958099 -74.870903 -29.500500
-18.636801 -67.588303 -27.538401
-13.809300 -67.865997 -28.378099
-4.193840 -64.273102 -26.012899
-2.475550 -56.742298 -30.027399
2.805250 -63.640499 -27.907700
5.120960 -60.044399 -29.801500
3.115040 -54.712700 -32.357498
6.900310 -51.108002 -32.693199
7.749130 -45.924702 -34.323002
16.484301 -36.599998 -33.990200
17.068001 -30.797400 -34.031799
24.635500 -38.997200 -31.996099
29.004200 -34.890301 -29.383400
36.153702 -33.619900 -25.950899
38.160500 -42.693600 -26.294800
43.087502 -35.531399 -23.057501
47.006599 -28.002800 -18.478500
47.048199 -20.889200 -18.606001
43.525398 -20.056400 -20.900801
44.133598 -13.961800 -18.163500
44.895302 -10.778900 -15.915900
47.929298 -5.937900 -12.480800
52.263401 -9.431160 -10.492600
56.902901 -9.480850 -3.231420
57.532600 -14.293500 -4.419440
61.810001 -21.325500 0.452589
61.008400 -12.549600 7.164070
60.245499 -10.255500 13.597600
56.225101 -2.934290 20.885401
55.275398 -3.859890 27.554800
51.809101 0.306531 29.059700
46.232300 3.357100 34.072300
40.666199 2.717840 37.286201
36.640301 -2.129450 41.488998
34.003899 -7.441050 47.558800
32.623100 -13.903500 49.689999
26.196400 -14.525900 52.446201
18.445400 -14.903400 56.087601
10.974100 -15.017500 56.593800
9.015200 -18.880600 58.393200
7.211120 -30.610800 59.817299
2.123050 -28.257401 58.516899
1.150380 -33.897202 57.755001
1.646520 -47.061401 55.020199
-2.851090 -42.880600 53.718498
-6.939290 -47.526001 44.091801
-10.723400 -56.982601 37.991901
-10.615800 -59.687000 45.591099
-15.229800 -60.923599 43.985802
-19.368799 -63.649101 42.050499
-22.212099 -68.227798 43.085400
-25.528900 -67.553001 44.451401
-30.658600 -66.768097 45.141800
-32.500000 -63.456200 42.311699
-39.876499 -64.026802 44.893700
-42.268799 -62.548901 39.844398
-46.002701 -65.050903 39.705002
-47.684898 -66.441498 35.234901
-49.740101 -71.567802 37.862900
-49.366501 -74.408600 39.812302
-47.044102 -73.639397 44.161900
-42.697201 -75.592903 45.959599
-28.974100 -75.621902 32.938801
-36.145802 -76.420403 26.490200
-28.666700 -76.328201 29.350000
-26.997499 -76.320999 27.927000
-23.899799 -76.254601 28.549101
-21.439501 -74.724998 25.917999
-19.348801 -75.024399 24.103001
-19.074301 -74.752403 19.379200
-18.930500 -74.006104 16.198299
-17.396400 -76.115898 26.547899
-16.564899 -75.072899 31.784201
-11.620500 -72.359802 24.596500
-3.677800 -71.962303 10.422100
-14.591700 -71.723297 -3.080270
-10.312700 -71.821701 -6.679830
1.347890 -71.228798 -11.755800
-11.625600 -71.802399 -16.228500
-5.665900 -72.668800 -16.870701
18.394501 -71.816704 -12.206400
22.597500 -71.708397 -10.551400
26.901600 -75.447502 -11.414600
27.496401 -75.643898 -6.617830
33.239399 -75.992599 3.620140
35.883301 -74.925903 -4.900450
33.961300 -75.178902 -13.956400
30.615299 -75.312500 -18.236300
27.656401 -73.888802 -21.172701
20.404600 -73.464203 -22.935200
5.097400 -70.031799 -24.878201
-3.720450 -68.551804 -27.269899
2.773140 -66.347900 -25.235201
10.297700 -64.280701 -28.028400
13.416500 -58.841702 -29.775700
6.641510 -57.099499 -32.061298
12.782000 -55.057400 -30.682600
11.466600 -48.028198 -34.028301
16.505400 -47.541500 -32.724201
16.244600 -40.902699 -32.546799
23.014999 -42.272301 -30.939501
26.865700 -41.880299 -29.361200
30.374701 -39.702801 -29.962099
35.244999 -39.268002 -27.710699
30.976200 -46.632000 -28.385401
38.525200 -48.639599 -24.662500
41.455200 -45.476101 -22.127100
45.264000 -39.926800 -21.068001
49.103699 -31.838800 -18.039900
51.910999 -27.549900 -16.578199
54.248901 -24.200600 -14.477900
51.563099 -19.564100 -15.696100
51.664398 -14.858400 -11.566100
58.688301 -19.368401 -6.766690
57.750500 -24.251801 -9.274910
59.879002 -28.623400 -3.290760
62.925900 -23.789400 8.862490
62.396801 -17.598600 8.156940
61.979099 -16.785700 14.300200
60.372700 -15.127400 25.180201
58.135899 -9.385540 24.257799
56.426102 -11.564600 30.627001
51.778999 -15.039500 39.823898
48.887001 -5.555410 36.668400
44.071201 -1.751670 39.242901
44.783600 -5.728240 39.775101
40.901901 -6.620160 43.150700
40.087799 -13.330900 47.983200
38.567600 -22.752899 50.597000
35.352901 -19.460600 49.601200
31.395901 -18.767200 54.049801
23.358700 -19.812500 56.398899
18.139500 -20.862400 57.744801
12.345200 -24.033300 58.757301
10.841800 -26.795200 58.469700
9.864200 -32.127899 59.453800
5.056370 -37.629002 57.573601
3.762070 -42.358002 55.384499
8.625200 -41.775902 57.333401
3.870940 -48.204399 56.313499
4.671710 -55.791401 52.727901
-0.586404 -47.777699 53.724300
-6.347770 -58.527500 44.337002
-10.039500 -61.870899 50.812199
-18.125000 -66.577400 47.910099
-22.402300 -74.121696 44.125900
-30.555201 -73.572601 47.211700
-36.637199 -70.533897 48.880299
-35.989300 -65.796204 46.409000
-40.410900 -68.389099 47.748600
-44.635201 -65.945000 43.671200
-42.239101 -72.338600 48.217098
-37.608700 -74.276604 48.324100
-31.539499 -75.233398 45.750099
-22.657400 -75.557800 41.146900
-18.213499 -75.693001 36.240898
-14.813100 -72.146896 33.605000
-12.276700 -71.607498 37.543598
-9.294020 -71.173203 39.334301
-4.027570 -70.957497 40.486900
-0.042825 -71.503098 33.132301
0.794178 -71.941597 16.777901
5.306040 -71.586998 2.718960
14.375800 -71.006302 -11.572300
18.962999 -70.843903 -6.052160
23.184601 -71.365700 -5.826760
18.617100 -75.422997 4.927870
21.736401 -76.310699 6.939110
24.710800 -76.078201 3.060650
27.533501 -74.898598 5.243270
32.660000 -73.971397 5.366950
36.187599 -75.704697 4.427030
38.089901 -75.230301 0.565846
38.965801 -70.415802 -4.901480
39.300598 -67.600098 -9.472010
39.693901 -65.318901 -14.806500
37.809700 -67.533798 -17.275400
36.380501 -66.568199 -20.465300
29.991100 -71.162697 -20.992100
13.099100 -66.974098 -23.921000
19.366899 -61.826302 -28.434799
22.715900 -60.610901 -27.149900
21.240700 -55.905399 -28.923901
18.366600 -45.893299 -32.868301
23.902300 -45.441601 -30.913099
29.905300 -49.792900 -27.637501
38.245602 -55.701900 -25.583401
42.458099 -50.572899 -22.452000
46.236698 -48.789200 -18.464500
46.716599 -42.912102 -18.075199
49.613602 -38.364300 -16.434700
52.550701 -34.683498 -12.102800
55.742699 -28.433201 -11.979200
57.025200 -31.880100 -7.273080
59.855999 -34.994598 -2.871910
61.807499 -31.448799 0.530039
62.966702 -33.776699 5.408320
63.424999 -34.118198 14.091600
62.820999 -31.509399 22.232201
61.497398 -21.035000 24.235800
55.156399 -18.808901 36.610401
50.248699 -21.928600 43.829498
45.919300 -15.833500 44.710098
46.342300 -9.678610 41.813900
41.182999 -22.002501 49.562599
44.014801 -26.684900 47.921501
37.845901 -27.390400 52.432201
33.650799 -24.060600 52.334499
29.029100 -28.097500 55.215302
26.411600 -25.471800 57.144901
21.176001 -24.635099 59.073700
16.059299 -28.977501 59.182201
12.572200 -36.260502 60.948101
14.536500 -41.259102 58.234501
15.226100 -47.752300 58.354500
12.949500 -46.933300 57.773800
9.227560 -49.279800 57.893600
10.354900 -54.785900 55.065201
3.611660 -59.031898 51.710201
0.459857 -56.171001 52.033798
-2.923410 -59.844101 47.547298
-6.966620 -61.909401 51.726200
-13.488100 -69.158401 53.467300
-16.650600 -68.538902 51.845402
-15.175400 -74.142601 52.327400
-10.184500 -75.209900 53.818501
-12.423300 -75.464798 44.401798
-12.973500 -75.664001 42.655998
-15.014000 -75.613197 42.238701
5.167399 -73.612732 40.134052
1.690710 -70.679298 41.363400
7.268320 -70.717003 39.061001
14.670700 -70.851303 36.808899
6.253160 -71.815201 24.032200
13.419400 -71.609299 9.289790
16.853901 -71.820198 3.104710
16.772499 -75.487099 11.252900
21.717800 -76.222298 10.897600
23.059500 -75.019997 8.086000
24.722500 -73.827003 7.339000
30.695431 -74.781738 13.981927
37.157902 -74.434799 8.392570
41.591202 -75.945503 11.965600
46.177502 -75.070198 7.359070
42.490700 -74.780800 3.011520
41.653301 -70.769203 -2.652030
45.940800 -63.540298 -5.618130
44.469501 -61.751301 -16.028000
37.108799 -62.869202 -19.708799
31.382000 -62.955299 -23.476000
29.726999 -66.347298 -23.333200
20.553301 -66.257301 -23.258499
24.239799 -64.341599 -24.019600
28.554800 -61.883202 -25.681000
24.898399 -55.721401 -29.132401
22.644600 -49.970001 -29.219200
30.438801 -54.378799 -27.752199
32.808800 -58.653999 -25.072901
39.352798 -59.349701 -22.197201
44.327801 -53.118999 -18.487801
48.519600 -55.109501 -12.315600
48.636902 -48.206299 -17.121300
51.460098 -41.864101 -14.713400
55.466599 -41.604900 -10.886100
58.917599 -38.887901 -5.016700
58.107399 -45.022202 -2.992120
59.224998 -46.821400 -0.764905
61.232498 -43.218899 2.136560
63.654301 -38.925301 6.213160
64.426003 -37.150002 11.422900
64.508102 -36.787498 16.277599
63.018200 -36.632000 20.930901
60.243500 -40.007500 27.873800
61.209099 -24.875000 26.677500
57.504398 -25.850901 34.253201
52.756001 -26.545799 39.652100
49.761902 -26.821899 43.572399
45.267502 -20.370399 45.533100
46.262501 -25.170200 44.715900
44.139801 -32.401600 47.452000
42.039902 -31.068001 50.068401
35.925701 -34.347401 53.725101
29.949499 -32.847801 56.364300
27.832899 -34.554798 56.530399
23.927299 -35.358799 58.390301
24.646000 -29.565399 56.953201
20.103399 -31.927900 57.701801
17.185699 -33.952999 59.818901
19.124201 -40.451199 57.444500
20.318199 -48.034199 58.483200
17.623699 -51.963501 56.239300
13.538900 -51.251999 55.284199
15.778000 -56.765701 56.599499
15.978700 -59.007000 55.173500
3.756440 -62.473499 49.272598
-4.822240 -63.507599 54.052799
-10.262200 -68.791901 55.432999
-11.040500 -72.863098 55.985699
-3.513010 -73.912598 55.125900
0.466050 -74.435204 53.188702
6.335150 -75.519501 48.839199
1.676980 -75.359596 45.363300
-1.777110 -75.364700 46.670200
-6.763700 -75.320099 45.398102
5.562280 -75.263397 44.472401
11.588500 -75.144997 42.055000
13.497100 -75.389198 42.639500
15.249000 -75.156097 41.030998
17.197500 -75.398003 41.638000
21.660200 -75.246399 38.826000
23.564501 -75.482002 39.424999
25.144600 -75.561699 38.199299
25.821501 -72.514999 35.438000
24.502899 -70.975098 33.855801
19.960699 -70.515701 36.328400
12.873400 -70.671204 38.404800
24.535299 -70.891296 31.290199
16.511900 -71.520798 23.933800
13.111900 -71.854599 15.713800
17.081400 -75.390297 18.062599
22.630501 -76.231796 17.442900
26.261801 -75.324402 19.507900
27.979000 -75.574699 22.531401
34.470501 -75.518799 23.582600
35.800499 -74.028000 20.723000
37.829399 -73.823700 19.203899
39.230801 -73.765999 15.982600
38.682301 -74.302803 11.447300
41.342800 -75.418602 18.713301
43.924599 -75.146698 20.103399
51.063000 -74.567497 12.679100
56.481899 -71.053902 4.632610
54.519402 -69.025101 -1.115120
49.342602 -70.963402 -0.286307
49.409302 -65.807098 -3.965760
50.376400 -59.328400 -5.336370
52.855301 -56.326302 -4.876050
49.013901 -58.025398 -8.062960
44.823700 -58.629501 -18.228201
52.274700 -51.104401 -10.849900
55.159698 -48.861401 -8.117440
55.466202 -52.271400 -3.834500
59.037498 -51.230900 -3.062610
66.706703 -46.130402 -0.907302
71.031700 -40.165298 4.375460
71.739403 -37.274601 9.801090
70.800201 -36.202999 16.651199
70.447998 -37.305500 22.201700
63.451900 -38.784100 21.818701
61.469299 -42.785500 27.401600
57.182301 -47.798302 31.490900
57.245899 -37.945400 33.714199
53.906200 -38.930199 37.942101
52.452499 -34.403999 40.515301
47.469799 -34.275200 45.001598
43.059101 -38.783001 45.516602
38.417099 -42.269199 49.758499
32.818901 -41.034500 53.566700
28.472200 -43.769798 55.719898
25.872700 -46.629200 56.736198
24.187599 -52.290901 54.688599
18.511200 -55.173401 55.322899
17.978399 -60.079899 53.675598
10.017400 -63.979500 48.747002
0.754723 -66.837303 53.376999
-5.700680 -67.884399 55.586201
8.518900 -73.857597 50.774300
19.927000 -74.512299 47.630699
32.478401 -75.321297 42.718300
35.959099 -75.114799 34.992001
29.527599 -75.331596 32.865601
28.194500 -75.164497 29.790400
21.246401 -75.675201 23.291100
37.906898 -74.985901 28.036100
42.256199 -71.918900 30.410900
48.381500 -71.339302 27.257900
52.407001 -72.216499 21.986300
63.631500 -68.070602 19.031900
61.679699 -69.182503 8.954560
66.408600 -65.090599 4.560710
60.911701 -67.665901 3.710280
58.271999 -64.899696 -2.163820
58.213200 -59.908501 -5.219020
59.050598 -56.176201 -5.427180
67.316200 -49.682400 -2.896540
70.993301 -46.032200 1.100200
74.478600 -42.350800 4.485680
76.267197 -40.770699 10.392200
75.883598 -38.755001 15.748100
74.888397 -40.123299 21.620600
71.530602 -42.375702 27.562401
66.952904 -40.080898 26.043301
64.777298 -44.942501 30.307899
55.823200 -52.741600 32.618900
53.072399 -53.471199 35.208801
56.277000 -44.476101 35.171700
51.826099 -46.236099 40.673302
48.523998 -42.508701 42.429501
45.730099 -39.527401 43.553699
37.964401 -45.142399 48.758400
34.036499 -49.027500 50.768200
28.087500 -48.491100 53.575600
28.169901 -54.732601 54.070499
25.701500 -59.640202 52.785000
21.572901 -58.152302 55.011902
22.587999 -63.172001 51.458401
23.138901 -66.475197 47.036701
17.190500 -68.434998 47.964100
24.759701 -69.268097 46.981701
31.790100 -73.924103 45.556499
38.741001 -72.426003 40.125000
41.391201 -71.482201 34.010201
45.043098 -69.071602 32.251900
49.645599 -64.730797 31.617201
58.373600 -62.632198 33.836300
56.364700 -67.012703 29.915001
56.562099 -69.237999 25.917200
66.351898 -64.706001 24.549999
71.182503 -62.260601 20.256800
67.572800 -65.901604 13.434500
73.093803 -59.617500 7.251410
71.291901 -59.582401 3.564720
63.095901 -62.271500 -2.639850
66.068802 -54.985699 -3.652360
70.857002 -50.323898 -1.155290
73.937103 -50.747601 2.802950
76.493896 -49.454601 6.452670
78.001198 -49.204601 11.676900
77.985199 -43.946499 16.382700
76.518204 -44.412102 22.501200
73.421799 -47.356602 27.826401
68.293198 -48.955399 31.613400
63.306900 -51.132999 33.546101
58.714600 -57.483398 34.237301
51.946800 -60.145699 32.962799
50.393700 -59.154202 34.333000
51.317600 -50.753399 39.906799
47.220699 -48.044899 42.781601
44.178501 -48.233700 45.648499
41.017799 -46.225201 46.814999
37.353298 -52.751499 50.176899
32.393501 -53.023102 50.753101
32.447300 -57.946800 48.688000
33.677502 -62.376202 44.490700
28.225500 -65.328796 46.016499
34.614399 -67.226402 45.762501
37.681999 -71.065903 42.960201
40.893700 -66.836502 41.554501
43.750198 -65.367401 38.713902
63.624802 -55.003700 33.728199
62.615501 -59.683701 32.976700
65.428200 -62.693699 28.066700
74.589798 -57.218201 22.708599
74.935204 -58.230000 13.788700
72.557198 -61.437801 14.645200
69.461601 -56.367599 -0.756770
77.227203 -51.217602 17.695999
75.980400 -52.329498 22.639099
70.555199 -53.348900 29.957800
69.464600 -56.664700 29.149000
47.130600 -59.437401 38.019699
44.903999 -54.121101 42.595798
41.401501 -52.104599 46.129101
37.119202 -57.245899 47.793999
41.104301 -58.186298 42.421299
39.104599 -61.698700 41.796200
-38.118099 34.623100 31.794901
-28.898100 48.739300 9.021350
-26.470699 47.416302 6.596740
-16.354799 48.943802 4.459010
-8.854450 50.006001 0.464395
-12.006000 52.530399 -2.539840
2.808700 54.676800 -10.850500
5.357620 53.713501 -11.996400
7.152310 57.027500 -21.299101
2.692600 57.688900 -20.234100
-4.982940 62.341099 -19.529301
-16.028601 57.905102 -14.356500
-9.201300 64.141602 -17.493200
-15.505600 65.033798 -12.987600
-19.307501 65.866501 -8.302680
-19.361099 65.823997 -3.640390
-14.772000 66.983597 -2.468000
-24.714899 58.301800 4.592550
-20.738899 58.573502 3.567120
-24.426300 50.200401 4.752750
-20.466400 50.860401 1.952020
-15.184200 54.687901 -3.487800
2.961250 59.030899 -14.896200
4.762070 64.513496 -19.908199
7.763110 57.924099 -18.418800
8.578450 64.398499 -26.082100
6.882810 62.733200 -26.994600
-0.262346 62.444099 -21.816900
-1.333770 66.496399 -22.586700
-6.732580 69.712502 -18.450899
-9.704820 71.468903 -13.174500
-7.696120 73.673798 -9.273910
-5.691600 72.878098 -9.530570
-14.005400 64.539200 -2.440210
-16.356400 57.715000 -3.279400
-10.069300 60.449799 -8.831800
0.469672 61.777802 -15.372100
-2.295310 65.190498 -14.926400
-0.994494 71.176804 -16.997499
2.792190 72.242798 -21.390200
5.325410 72.891899 -25.709299
6.457180 69.285103 -28.622400
3.673770 68.637100 -27.311600
3.175180 73.759003 -26.591700
-1.027540 74.491699 -22.608601
-2.736930 76.513901 -18.517500
-5.265380 75.675201 -13.424600
-1.226170 77.072899 -15.752200
-5.197360 68.759903 -12.444000
1.659340 76.444702 -22.915899
