232682 232903
232601 239545
244022 244045
216503 244048
310523 310565
271379 310585
325136 325231
325031 334369
326732 336028
317966 336034
396332 398536
394913 405061
443195 455440
431345 455452
455429 455494
455426 455524
482867 482905
431483 482906
518702 518762
521105 521167
521084 521203
533723 533788
533825 533944
547007 547042
546932 560089
589919 596950
536069 596965
589967 597004
562496 597061
597896 598039
600065 600127
597041 604366
600026 606907
608573 608603
608558 615295
608588 615388
601745 615409
615470 615499
615362 615505
640922 640943
634274 640966
627944 640981
640895 648436
646064 652948
695927 696070
695780 702871
710009 717340
696065 717439
993950 1002763
1011884 1011967
977606 1012273
1056794 1056832
1056782 1056865
1084643 1094011
1075445 1094014
1101416 1110979
1101392 1110991
1198679 1198708
1171151 1198717
1244609 1244650
1244507 1244695
1246418 1256083
1273292 1273336
1273136 1273348
1349702 1349767
1349651 1349779
1349588 1350538
1349177 1359943
1370066 1380241
1360202 1380280
1381589 1381741
1321094 1381753
1381517 1391866
1361480 1391875
1400783 1400845
1390577 1400875
1380188 1400896
1520894 1520968
1520831 1530268
1624565 1633861
1520918 1634983
1685141 1685198
1685171 1685200
1804901 1804993
1773155 1805038
1805441 1805477
1804697 1813369
1837388 1845625
1805327 1845658
1841126 1849690
1825274 1849708
1902425 1911334
1911638 1911679
1911599 1911811
1768649 1912078
1945142 1955548
1672652 1956025
1967543 1967650
1967411 1967764
1979264 1979317
1979189 1990792
2169311 2177767
2091020 2179105
2378876 2378923
2378861 2387434
2415863 2424376
2407346 2424388
2441018 2441041
2381957 2441050
2469644 2469670
2460827 2469691
2443043 2469707
2460854 2469709
2473781 2473825
2473763 2473826
2596118 2596144
2592368 2596148
2598200 2598223
2598164 2598253
2600285 2600308
2600276 2600341
2602598 2602652
2602646 2602690
2604890 2604907
2604881 2604910
2648921 2651095
2512109 2657248
2677460 2677480
2677433 2677483
2775182 2775202
2775110 2777077
2786600 2788982
2786639 2789056
2788907 2791429
2792651 2795194
2702462 2800357
2786537 2953333
2954402 2954437
2655722 2954455
2602700 2957321
2604854 2957323
2602619 2957344
2602517 2957347
2538227 2957801
2957771 2957803
2957669 2957839
2543339 2957884
2374901 2959112
2374931 2959123
2374976 2959180
2374967 2959210
2083988 2962870
2073521 2962876
1400696 2973805
1339661 2974424
1339655 2974429
1319510 2974561
1309946 2974564
1265510 2974837
1236881 2974855
1236839 2974918
1111070 2976365
2976359 2976433
985400 2977633
887669 2979103
867953 2979112
2983184 2983243
641102 2983255
626369 2983696
3119543 3125696
3125687 3131905
3144350 3144721
3138155 3144766
3145223 3145414
3144935 3145435
3145322 3145609
3145043 3145621
3145649 3145705
3145553 3145729
3146069 3146095
3146018 3146101
3146174 3146194
3146129 3146200
3146006 3146219
3146216 3146233
3145997 3146236
3145880 3146242
3146294 3146314
3145958 3146326
3175187 3175210
3175136 3175288
3179192 3179239
3179150 3179524
3184166 3236908
3174974 3236923
533639 3245245
521222 3245308
498155 3245344
533672 3245455
519710 3245527
519698 3245528
506990 3245536
3252623 3252847
3251942 3253471
438848 3256859
3256853 3256880
3262247 3262267
3262241 3262303
