0.213800 0.233900 0.090650
0.229100 0.217100 0.224900
0.107800 0.253200 0.102600
0.110800 0.258800 -0.004183
0.205600 0.238500 -0.027110
0.293800 0.200500 0.052290
0.326300 0.191800 0.179600
0.390100 0.185100 0.306700
0.342700 0.200900 0.351400
0.223600 0.185600 0.321300
0.121200 0.190700 0.272700
0.075940 0.232300 0.191300
-0.011590 0.258100 0.099050
0.000000 0.266300 0.000000
0.011590 0.258100 -0.099050
0.120400 0.250100 -0.108100
0.211500 0.233300 -0.139500
0.282600 0.208900 -0.072490
0.354100 0.155000 -0.002264
0.385700 0.142200 0.134500
0.442400 0.137600 0.271100
0.510000 0.136300 0.407300
0.465900 0.181200 0.433600
0.417100 0.196800 0.463600
0.306700 0.181900 0.401600
0.200500 0.137800 0.376000
0.120400 0.138100 0.334400
0.031360 0.138700 0.318300
0.010730 0.194300 0.259800
-0.043330 0.234000 0.187700
-0.120400 0.250100 0.108100
-0.110800 0.258800 0.004183
-0.107800 0.253200 -0.102600
-0.075940 0.232300 -0.191300
0.043330 0.234000 -0.187700
0.144600 0.227300 -0.206300
0.229200 0.216200 -0.248800
0.288500 0.212800 -0.195000
0.348400 0.176000 -0.138900
0.403500 0.107000 -0.076380
0.422400 0.079000 0.079800
0.473900 0.072200 0.232900
0.538000 0.071220 0.381800
0.591600 0.071830 0.529300
0.562700 0.136300 0.546600
0.515500 0.180400 0.562800
0.457600 0.196600 0.577500
0.365700 0.181000 0.492500
0.266900 0.137900 0.437900
0.170600 0.074750 0.404600
0.101100 0.073310 0.371100
0.024890 0.072110 0.357100
-0.053230 0.071340 0.363000
-0.059170 0.139100 0.324500
-0.090660 0.193700 0.269900
-0.144600 0.227300 0.206300
-0.211500 0.233300 0.139500
-0.205600 0.238500 0.027110
-0.213800 0.233900 -0.090650
-0.229100 0.217100 -0.224900
-0.121200 0.190700 -0.272700
-0.010730 0.194300 -0.259800
0.090660 0.193700 -0.269900
0.177300 0.189200 -0.301900
0.250700 0.184200 -0.356100
0.302200 0.205700 -0.315500
0.358000 0.195000 -0.274600
0.411900 0.150800 -0.231400
0.456900 0.079800 -0.191300
0.440400 -0.000015 0.005179
0.480500 -0.001448 0.197700
0.541200 -0.002437 0.357700
0.595500 -0.002438 0.512000
0.622300 -0.001671 0.665100
0.613200 0.073110 0.679500
0.579000 0.137600 0.689500
0.526000 0.181600 0.693900
0.462900 0.197800 0.693500
0.396300 0.181800 0.588800
0.314400 0.138800 0.511400
0.229100 0.076090 0.454500
0.145500 0.002776 0.408000
0.077820 0.001124 0.380200
0.005383 -0.000677 0.370400
-0.067470 -0.002245 0.379200
-0.136300 -0.003363 0.406100
-0.127500 0.070870 0.387400
-0.141400 0.138100 0.350400
-0.177300 0.189200 0.301900
-0.229200 0.216200 0.248800
-0.288500 0.212800 0.195000
-0.282600 0.208900 0.072490
-0.293800 0.200500 -0.052290
-0.326300 0.191800 -0.179600
-0.390100 0.185100 -0.306700
-0.342700 0.200900 -0.351400
-0.223600 0.185600 -0.321300
-0.120400 0.138100 -0.334400
-0.031360 0.138700 -0.318300
0.059170 0.139100 -0.324500
0.141400 0.138100 -0.350400
0.211400 0.136500 -0.395800
0.268200 0.135400 -0.459000
0.311400 0.180600 -0.430300
0.365200 0.198600 -0.403200
0.421800 0.184300 -0.376900
0.475200 0.139800 -0.352600
0.517300 0.075230 -0.341100
0.479000 0.001181 -0.188800
0.422400 -0.079130 -0.070540
0.404900 -0.106900 0.085700
0.459000 -0.079590 0.200200
0.519400 -0.075250 0.347200
0.573700 -0.075650 0.499000
0.604100 -0.075860 0.649600
0.595100 -0.075680 0.799900
0.606500 -0.000797 0.819000
0.591200 0.074400 0.830700
0.552500 0.138900 0.832300
0.497700 0.182700 0.824100
0.435500 0.198600 0.808700
0.398800 0.182800 0.689100
0.339900 0.139800 0.593100
0.272600 0.076990 0.517000
0.204100 0.003795 0.452000
0.135000 -0.070910 0.389000
0.061440 -0.071810 0.363500
-0.015820 -0.072920 0.356500
-0.091770 -0.074290 0.369400
-0.161900 -0.075720 0.401900
-0.222100 -0.076720 0.451600
-0.196500 -0.003765 0.449400
-0.192200 0.070590 0.429100
-0.211400 0.136500 0.395800
-0.250700 0.184200 0.356100
-0.302200 0.205700 0.315500
-0.358000 0.195000 0.274600
-0.348400 0.176000 0.138900
-0.354100 0.155000 0.002264
-0.385700 0.142200 -0.134500
-0.442400 0.137600 -0.271100
-0.510000 0.136300 -0.407300
-0.465900 0.181200 -0.433600
-0.417100 0.196800 -0.463600
-0.306700 0.181900 -0.401600
-0.200500 0.137800 -0.376000
-0.101100 0.073310 -0.371100
-0.024890 0.072110 -0.357100
0.053230 0.071340 -0.363000
0.127500 0.070870 -0.387400
0.192200 0.070590 -0.429100
0.243800 0.070730 -0.486300
0.279500 0.071470 -0.555900
0.309500 0.135400 -0.536400
0.357500 0.179300 -0.519600
0.415100 0.195600 -0.506700
0.474900 0.180700 -0.496700
0.529900 0.138100 -0.491900
0.572000 0.075370 -0.495700
0.539000 0.001856 -0.351400
0.472700 -0.072560 -0.225000
0.387500 -0.141600 -0.131000
0.355000 -0.154900 0.005314
0.348700 -0.176400 0.142300
0.414600 -0.150400 0.239400
0.478000 -0.139200 0.359000
0.531700 -0.137900 0.495300
0.563400 -0.138700 0.636300
0.559700 -0.139400 0.777600
0.515200 -0.139700 0.914300
0.542200 -0.075460 0.944800
0.546400 -0.000179 0.966500
0.526600 0.075190 0.974200
0.487300 0.139700 0.966600
0.435600 0.183300 0.945300
0.379000 0.198900 0.915200
0.374200 0.183200 0.789200
0.342600 0.140100 0.680300
0.297900 0.077180 0.589300
0.249300 0.004066 0.509500
0.199200 -0.070280 0.431600
0.142200 -0.138600 0.350300
0.058690 -0.139100 0.324900
-0.030260 -0.138200 0.319100
-0.116800 -0.137400 0.334900
-0.195200 -0.137800 0.374600
-0.261200 -0.138700 0.434700
-0.310100 -0.139500 0.508400
-0.267700 -0.077090 0.514600
-0.243600 -0.003539 0.506600
-0.243800 0.070730 0.486300
-0.268200 0.135400 0.459000
-0.311400 0.180600 0.430300
-0.365200 0.198600 0.403200
-0.421800 0.184300 0.376900
-0.411900 0.150800 0.231400
-0.403500 0.107000 0.076380
-0.422400 0.079000 -0.079800
-0.473900 0.072200 -0.232900
-0.538000 0.071220 -0.381800
-0.591600 0.071830 -0.529300
-0.562700 0.136300 -0.546600
-0.515500 0.180400 -0.562800
-0.457600 0.196600 -0.577500
-0.365700 0.181000 -0.492500
-0.266900 0.137900 -0.437900
-0.170600 0.074750 -0.404600
-0.077820 0.001124 -0.380200
-0.005383 -0.000677 -0.370400
0.067470 -0.002245 -0.379200
0.136300 -0.003363 -0.406100
0.196500 -0.003765 -0.449400
0.243600 -0.003539 -0.506600
0.274000 -0.002833 -0.574700
0.286000 -0.001857 -0.649100
0.297400 0.072640 -0.633100
0.332500 0.136500 -0.622000
0.384600 0.179900 -0.617700
0.445400 0.195800 -0.619300
0.507300 0.181100 -0.625400
0.562700 0.138700 -0.635300
0.603100 0.075520 -0.648300
0.593400 0.001736 -0.508200
0.535800 -0.071840 -0.375700
0.444100 -0.136800 -0.267100
0.334800 -0.187900 -0.188900
0.296800 -0.198700 -0.066230
0.280400 -0.210000 0.058250
0.281700 -0.216400 0.184700
0.358500 -0.195800 0.278300
0.425100 -0.183700 0.383200
0.477400 -0.180100 0.500800
0.508300 -0.180700 0.626800
0.507800 -0.182100 0.755200
0.470800 -0.183000 0.879800
0.398400 -0.183300 0.992500
0.431900 -0.139800 1.037000
0.449400 -0.075310 1.074000
0.447100 0.000091 1.096000
0.425300 0.075480 1.099000
0.388800 0.139900 1.081000
0.344100 0.183400 1.048000
0.297300 0.199000 1.004000
0.324900 0.183300 0.881200
0.322500 0.140000 0.767200
0.303500 0.076720 0.667000
0.277900 0.003537 0.577200
0.249800 -0.070120 0.489400
0.214500 -0.137200 0.395700
0.164500 -0.192900 0.294800
0.070470 -0.195000 0.267600
-0.031040 -0.192600 0.261600
-0.134500 -0.186800 0.278800
-0.228300 -0.182400 0.326300
-0.305200 -0.181300 0.400700
-0.362100 -0.181700 0.489200
-0.393900 -0.182500 0.586400
-0.337700 -0.140000 0.591400
-0.295000 -0.076890 0.587500
-0.274000 -0.002833 0.574700
-0.279500 0.071470 0.555900
-0.309500 0.135400 0.536400
-0.357500 0.179300 0.519600
-0.415100 0.195600 0.506700
-0.474900 0.180700 0.496700
-0.475200 0.139800 0.352600
-0.456900 0.079800 0.191300
-0.440400 -0.000015 -0.005179
-0.480500 -0.001448 -0.197700
-0.541200 -0.002437 -0.357700
-0.595500 -0.002438 -0.512000
-0.622300 -0.001671 -0.665100
-0.613200 0.073110 -0.679500
-0.579000 0.137600 -0.689500
-0.526000 0.181600 -0.693900
-0.462900 0.197800 -0.693500
-0.396300 0.181800 -0.588800
-0.314400 0.138800 -0.511400
-0.229100 0.076090 -0.454500
-0.145500 0.002776 -0.408000
-0.061440 -0.071810 -0.363500
0.015820 -0.072920 -0.356500
0.091770 -0.074290 -0.369400
0.161900 -0.075720 -0.401900
0.222100 -0.076720 -0.451600
0.267700 -0.077090 -0.514600
0.295000 -0.076890 -0.587500
0.302100 -0.076360 -0.666000
0.288400 -0.075810 -0.744300
0.278500 -0.000946 -0.724200
0.294900 0.073860 -0.711600
0.333400 0.137900 -0.709600
0.386800 0.181300 -0.718100
0.447400 0.197200 -0.734600
0.507600 0.182200 -0.755200
0.559500 0.139300 -0.777700
0.594600 0.075450 -0.799600
0.620700 0.001080 -0.663200
0.589000 -0.072660 -0.525100
0.509400 -0.136200 -0.403100
0.397300 -0.181900 -0.309600
0.258300 -0.206000 -0.251000
0.223600 -0.224800 -0.136300
0.203200 -0.237900 -0.023770
0.197100 -0.241500 0.092340
0.200500 -0.227000 0.218700
0.297600 -0.208800 0.311500
0.367500 -0.198700 0.407400
0.418400 -0.194800 0.511300
0.447100 -0.195200 0.621500
0.447800 -0.196900 0.735000
0.416900 -0.198300 0.845500
0.355000 -0.198900 0.945600
0.266900 -0.199100 1.028000
0.296600 -0.183400 1.084000
0.317400 -0.139800 1.136000
0.324800 -0.075290 1.176000
0.316800 0.000117 1.197000
0.294800 0.075500 1.194000
0.264000 0.139900 1.167000
0.229400 0.183400 1.123000
0.195400 0.199000 1.069000
0.253900 0.183300 0.957700
0.281000 0.139800 0.846800
0.288800 0.076050 0.744700
0.288300 0.002454 0.650900
0.284100 -0.070640 0.559300
0.272500 -0.135500 0.461100
0.246800 -0.187300 0.350800
0.089850 -0.234800 0.194400
-0.018520 -0.233500 0.186800
-0.131300 -0.223400 0.200900
-0.258300 -0.206000 0.251000
-0.348700 -0.197700 0.355400
-0.415700 -0.196800 0.461300
-0.455000 -0.197400 0.574400
-0.461600 -0.198300 0.691900
-0.398000 -0.183100 0.688200
-0.341900 -0.140100 0.679600
-0.302100 -0.076360 0.666000
-0.286000 -0.001857 0.649100
-0.297400 0.072640 0.633100
-0.332500 0.136500 0.622000
-0.384600 0.179900 0.617700
-0.445400 0.195800 0.619300
-0.507300 0.181100 0.625400
-0.529900 0.138100 0.491900
-0.517300 0.075230 0.341100
-0.479000 0.001181 0.188800
-0.422400 -0.079130 0.070540
-0.404900 -0.106900 -0.085700
-0.459000 -0.079590 -0.200200
-0.519400 -0.075250 -0.347200
-0.573700 -0.075650 -0.499000
-0.604100 -0.075860 -0.649600
-0.595100 -0.075680 -0.799900
-0.606500 -0.000797 -0.819000
-0.591200 0.074400 -0.830700
-0.552500 0.138900 -0.832300
-0.497700 0.182700 -0.824100
-0.435500 0.198600 -0.808700
-0.398800 0.182800 -0.689100
-0.339900 0.139800 -0.593100
-0.272600 0.076990 -0.517000
-0.204100 0.003795 -0.452000
-0.135000 -0.070910 -0.389000
-0.058690 -0.139100 -0.324900
0.030260 -0.138200 -0.319100
0.116800 -0.137400 -0.334900
0.195200 -0.137800 -0.374600
0.261200 -0.138700 -0.434700
0.310100 -0.139500 -0.508400
0.337700 -0.140000 -0.591400
0.341900 -0.140100 -0.679600
0.322500 -0.139900 -0.767100
0.281300 -0.139700 -0.847000
0.255000 -0.075410 -0.816100
0.251400 -0.000270 -0.794000
0.271400 0.074840 -0.785900
0.310200 0.139100 -0.793600
0.361200 0.182600 -0.815100
0.417000 0.198400 -0.845800
0.471000 0.183000 -0.880200
0.515300 0.139600 -0.914600
0.542100 0.075380 -0.944900
0.605600 0.000436 -0.818200
0.611000 -0.073880 -0.676900
0.560100 -0.137100 -0.542500
0.466300 -0.180600 -0.431500
0.348700 -0.197700 -0.355400
0.228300 -0.182400 -0.326300
0.134500 -0.186800 -0.278800
0.131300 -0.223400 -0.200900
0.114300 -0.248100 -0.106100
0.104200 -0.259600 -0.003115
0.101000 -0.256100 0.102000
-0.005320 -0.258500 0.098230
-0.114300 -0.248100 0.106100
-0.223600 -0.224800 0.136300
-0.334800 -0.187900 0.188900
-0.397300 -0.181900 0.309600
-0.466300 -0.180600 0.431500
-0.512800 -0.181200 0.559300
-0.524000 -0.182300 0.691600
-0.497100 -0.183100 0.823400
-0.435400 -0.198800 0.808300
-0.374300 -0.183300 0.789200
-0.322500 -0.139900 0.767100
-0.288400 -0.075810 0.744300
-0.278500 -0.000946 0.724200
-0.294900 0.073860 0.711600
-0.333400 0.137900 0.709600
-0.386800 0.181300 0.718100
-0.447400 0.197200 0.734600
-0.507600 0.182200 0.755200
-0.562700 0.138700 0.635300
-0.572000 0.075370 0.495700
-0.539000 0.001856 0.351400
-0.472700 -0.072560 0.225000
-0.387500 -0.141600 0.131000
-0.355000 -0.154900 -0.005314
-0.348700 -0.176400 -0.142300
-0.414600 -0.150400 -0.239400
-0.478000 -0.139200 -0.359000
-0.531700 -0.137900 -0.495300
-0.563400 -0.138700 -0.636300
-0.559700 -0.139400 -0.777600
-0.515200 -0.139700 -0.914300
-0.542200 -0.075460 -0.944800
-0.546400 -0.000179 -0.966500
-0.526600 0.075190 -0.974200
-0.487300 0.139700 -0.966600
-0.435600 0.183300 -0.945300
-0.379000 0.198900 -0.915200
-0.374200 0.183200 -0.789200
-0.342600 0.140100 -0.680300
-0.297900 0.077180 -0.589300
-0.249300 0.004066 -0.509500
-0.199200 -0.070280 -0.431600
-0.142200 -0.138600 -0.350300
-0.070470 -0.195000 -0.267600
0.031040 -0.192600 -0.261600
0.305200 -0.181300 -0.400700
0.362100 -0.181700 -0.489200
0.393900 -0.182500 -0.586400
0.398000 -0.183100 -0.688200
0.374300 -0.183300 -0.789200
0.325300 -0.183300 -0.881400
0.254200 -0.183300 -0.957900
0.220900 -0.139600 -0.913100
0.203700 -0.075220 -0.876300
0.206000 0.000096 -0.853900
0.227800 0.075390 -0.851200
0.264000 0.139800 -0.868700
0.308500 0.183300 -0.902400
0.355200 0.198900 -0.946000
0.398600 0.183300 -0.992800
0.432000 0.139800 -1.038000
0.449500 0.075320 -1.074000
0.546100 0.000052 -0.966300
0.590000 -0.074850 -0.829500
0.576600 -0.138400 -0.686700
0.512800 -0.181200 -0.559300
0.415700 -0.196800 -0.461300
0.455000 -0.197400 -0.574400
0.461600 -0.198300 -0.691900
0.435400 -0.198800 -0.808300
0.379300 -0.198900 -0.915400
0.297600 -0.199000 -1.005000
0.195600 -0.199000 -1.069000
0.165900 -0.183300 -1.013000
0.145100 -0.139700 -0.961000
0.137800 -0.075200 -0.921000
0.145700 0.000187 -0.900200
0.167600 0.075560 -0.903600
0.198400 0.140000 -0.929800
0.233000 0.183500 -0.973800
0.267000 0.199100 -1.028000
0.296800 0.183400 -1.084000
0.317500 0.139800 -1.136000
0.324900 0.075330 -1.176000
0.447100 -0.000083 -1.096000
0.526200 -0.075340 -0.974000
0.551400 -0.139400 -0.831200
0.524000 -0.182300 -0.691600
0.497100 -0.183100 -0.823400
0.435600 -0.183400 -0.945300
0.344300 -0.183400 -1.048000
0.229600 -0.183400 -1.123000
0.098580 -0.183400 -1.166000
0.079850 -0.199000 -1.105000
0.065620 -0.183400 -1.043000
0.058910 -0.139800 -0.987700
0.062050 -0.075280 -0.947400
0.075320 0.000125 -0.929700
0.095860 0.075520 -0.938600
0.119000 0.140000 -0.971800
0.141100 0.183500 -1.023000
0.159800 0.199100 -1.084000
0.174000 0.183400 -1.146000
0.180700 0.139800 -1.202000
0.177500 0.075360 -1.242000
0.316900 -0.000077 -1.197000
0.425300 -0.075480 -1.099000
0.487100 -0.139800 -0.966400
0.388900 -0.139900 -1.082000
0.264100 -0.139900 -1.167000
0.120700 -0.139900 -1.218000
-0.031190 -0.139800 -1.229000
-0.039070 -0.183400 -1.174000
-0.041430 -0.199000 -1.110000
-0.039110 -0.183400 -1.047000
-0.031250 -0.139900 -0.991500
-0.017570 -0.075410 -0.953600
0.000019 0.000000 -0.939800
0.017600 0.075390 -0.953500
0.031270 0.139800 -0.991400
0.039120 0.183400 -1.047000
0.041440 0.199000 -1.110000
0.039080 0.183400 -1.174000
0.031210 0.139800 -1.229000
0.017550 0.075400 -1.267000
0.164300 -0.000036 -1.260000
0.294900 -0.075460 -1.194000
0.143800 -0.075420 -1.251000
-0.017520 -0.075380 -1.267000
-0.177500 -0.075330 -1.242000
-0.180600 -0.139800 -1.202000
-0.174000 -0.183400 -1.146000
-0.159800 -0.199100 -1.084000
-0.141000 -0.183500 -1.023000
-0.118900 -0.140000 -0.971700
-0.095790 -0.075540 -0.938500
-0.075250 -0.000154 -0.929600
-0.061970 0.075250 -0.947300
-0.058850 0.139700 -0.987600
-0.065570 0.183300 -1.043000
-0.079810 0.199000 -1.105000
-0.098540 0.183400 -1.166000
-0.120600 0.139900 -1.218000
-0.143700 0.075450 -1.251000
0.000018 0.000000 -1.281000
-0.164200 0.000064 -1.260000
-0.316800 0.000117 -1.197000
-0.324800 -0.075290 -1.176000
-0.317400 -0.139800 -1.136000
-0.296600 -0.183400 -1.084000
-0.266900 -0.199100 -1.028000
-0.232900 -0.183500 -0.973600
-0.198300 -0.140000 -0.929700
-0.167500 -0.075600 -0.903400
-0.145600 -0.000228 -0.900100
-0.137600 0.075170 -0.920900
-0.145000 0.139600 -0.960800
-0.165700 0.183300 -1.013000
-0.195400 0.199000 -1.069000
-0.229400 0.183400 -1.123000
-0.264000 0.139900 -1.167000
-0.294800 0.075500 -1.194000
-0.425300 0.075480 -1.099000
-0.447100 0.000091 -1.096000
-0.449400 -0.075310 -1.074000
-0.431900 -0.139800 -1.037000
-0.398400 -0.183300 -0.992500
-0.355000 -0.198900 -0.945600
-0.308300 -0.183300 -0.902100
-0.263900 -0.139800 -0.868500
-0.227700 -0.075400 -0.851100
-0.205900 -0.000104 -0.853800
-0.203500 0.075210 -0.876200
-0.220700 0.139600 -0.912900
-0.253900 0.183300 -0.957700
-0.297300 0.199000 -1.004000
-0.344100 0.183400 -1.048000
-0.388800 0.139900 -1.081000
-0.470800 -0.183000 -0.879800
-0.416900 -0.198300 -0.845500
-0.361200 -0.182500 -0.815100
-0.310400 -0.138900 -0.793700
-0.271700 -0.074690 -0.786200
-0.251600 0.000400 -0.794300
-0.255000 0.075500 -0.816200
-0.281000 0.139800 -0.846800
-0.324900 0.183300 -0.881200
-0.322500 0.140000 -0.767200
-0.303500 0.076720 -0.667000
-0.277900 0.003537 -0.577200
-0.249800 -0.070120 -0.489400
-0.214500 -0.137200 -0.395700
-0.164500 -0.192900 -0.294800
-0.089850 -0.234800 -0.194400
0.018520 -0.233500 -0.186800
0.005320 -0.258500 -0.098230
0.000000 -0.266800 0.000000
-0.104200 -0.259600 0.003115
-0.203200 -0.237900 0.023770
-0.296800 -0.198700 0.066230
-0.444100 -0.136800 0.267100
-0.509400 -0.136200 0.403100
-0.560100 -0.137100 0.542500
-0.576600 -0.138400 0.686700
-0.551400 -0.139400 0.831200
-0.487100 -0.139800 0.966400
-0.435600 -0.183400 0.945300
-0.379300 -0.198900 0.915400
-0.325300 -0.183300 0.881400
-0.281300 -0.139700 0.847000
-0.255000 -0.075410 0.816100
-0.251400 -0.000270 0.794000
-0.271400 0.074840 0.785900
-0.310200 0.139100 0.793600
-0.361200 0.182600 0.815100
-0.417000 0.198400 0.845800
-0.471000 0.183000 0.880200
-0.559500 0.139300 0.777700
-0.603100 0.075520 0.648300
-0.593400 0.001736 0.508200
-0.535800 -0.071840 0.375700
-0.589000 -0.072660 0.525100
-0.611000 -0.073880 0.676900
-0.590000 -0.074850 0.829500
-0.526200 -0.075340 0.974000
-0.425300 -0.075480 1.099000
-0.388900 -0.139900 1.082000
-0.344300 -0.183400 1.048000
-0.297600 -0.199000 1.005000
-0.254200 -0.183300 0.957900
-0.220900 -0.139600 0.913100
-0.203700 -0.075220 0.876300
-0.206000 0.000096 0.853900
-0.227800 0.075390 0.851200
-0.264000 0.139800 0.868700
-0.308500 0.183300 0.902400
-0.355200 0.198900 0.946000
-0.398600 0.183300 0.992800
-0.515300 0.139600 0.914600
-0.594600 0.075450 0.799600
-0.620700 0.001080 0.663200
-0.605600 0.000436 0.818200
-0.546100 0.000052 0.966300
-0.447100 -0.000083 1.096000
-0.316900 -0.000077 1.197000
-0.294900 -0.075460 1.194000
-0.264100 -0.139900 1.167000
-0.229600 -0.183400 1.123000
-0.195600 -0.199000 1.069000
-0.165900 -0.183300 1.013000
-0.145100 -0.139700 0.961000
-0.137800 -0.075200 0.921000
-0.145700 0.000187 0.900200
-0.167600 0.075560 0.903600
-0.198400 0.140000 0.929800
-0.233000 0.183500 0.973800
-0.267000 0.199100 1.028000
-0.296800 0.183400 1.084000
-0.432000 0.139800 1.038000
-0.542100 0.075380 0.944900
-0.449500 0.075320 1.074000
-0.324900 0.075330 1.176000
-0.177500 0.075360 1.242000
-0.164300 -0.000036 1.260000
-0.143800 -0.075420 1.251000
-0.120700 -0.139900 1.218000
-0.098580 -0.183400 1.166000
-0.079850 -0.199000 1.105000
-0.065620 -0.183400 1.043000
-0.058910 -0.139800 0.987700
-0.062050 -0.075280 0.947400
-0.075320 0.000125 0.929700
-0.095860 0.075520 0.938600
-0.119000 0.140000 0.971800
-0.141100 0.183500 1.023000
-0.159800 0.199100 1.084000
-0.174000 0.183400 1.146000
-0.317500 0.139800 1.136000
-0.180700 0.139800 1.202000
-0.031210 0.139800 1.229000
-0.017550 0.075400 1.267000
-0.000018 0.000000 1.281000
0.017520 -0.075380 1.267000
0.031190 -0.139800 1.229000
0.039070 -0.183400 1.174000
0.041430 -0.199000 1.110000
0.039110 -0.183400 1.047000
0.031250 -0.139900 0.991500
0.017570 -0.075410 0.953600
-0.000019 0.000000 0.939800
-0.017600 0.075390 0.953500
-0.031270 0.139800 0.991400
-0.039120 0.183400 1.047000
-0.041440 0.199000 1.110000
-0.039080 0.183400 1.174000
0.098540 0.183400 1.166000
0.120600 0.139900 1.218000
0.143700 0.075450 1.251000
0.164200 0.000064 1.260000
0.177500 -0.075330 1.242000
0.180600 -0.139800 1.202000
0.174000 -0.183400 1.146000
0.159800 -0.199100 1.084000
0.141000 -0.183500 1.023000
0.118900 -0.140000 0.971700
0.095790 -0.075540 0.938500
0.075250 -0.000154 0.929600
0.061970 0.075250 0.947300
0.058850 0.139700 0.987600
0.065570 0.183300 1.043000
0.079810 0.199000 1.105000
0.232900 -0.183500 0.973600
0.198300 -0.140000 0.929700
0.167500 -0.075600 0.903400
0.145600 -0.000228 0.900100
0.137600 0.075170 0.920900
0.145000 0.139600 0.960800
0.165700 0.183300 1.013000
0.220700 0.139600 0.912900
0.255000 0.075500 0.816200
0.279400 0.001311 0.725100
0.300300 -0.071870 0.635700
0.313900 -0.134700 0.540200
0.313500 -0.181200 0.432200
0.361300 -0.178500 0.524000
0.387100 -0.179100 0.620600
0.387600 -0.180900 0.719000
0.361200 -0.182500 0.815100
0.308300 -0.183300 0.902100
0.263900 -0.139800 0.868500
0.227700 -0.075400 0.851100
0.205900 -0.000104 0.853800
0.203500 0.075210 0.876200
0.251600 0.000400 0.794300
0.296200 -0.073410 0.712900
0.335600 -0.135600 0.625100
0.334600 -0.137400 0.711000
0.310400 -0.138900 0.793700
0.271700 -0.074690 0.786200
-0.280400 -0.210000 -0.058250
-0.281700 -0.216400 -0.184700
-0.358500 -0.195800 -0.278300
-0.425100 -0.183700 -0.383200
-0.477400 -0.180100 -0.500800
-0.508300 -0.180700 -0.626800
-0.507800 -0.182100 -0.755200
-0.447800 -0.196900 -0.735000
-0.387600 -0.180900 -0.719000
-0.334600 -0.137400 -0.711000
-0.296200 -0.073410 -0.712900
-0.279400 0.001311 -0.725100
-0.288800 0.076050 -0.744700
-0.288300 0.002454 -0.650900
-0.284100 -0.070640 -0.559300
-0.272500 -0.135500 -0.461100
-0.246800 -0.187300 -0.350800
-0.200500 -0.227000 -0.218700
-0.101000 -0.256100 -0.102000
-0.197100 -0.241500 -0.092340
-0.297600 -0.208800 -0.311500
-0.367500 -0.198700 -0.407400
-0.418400 -0.194800 -0.511300
-0.447100 -0.195200 -0.621500
-0.387100 -0.179100 -0.620600
-0.335600 -0.135600 -0.625100
-0.300300 -0.071870 -0.635700
-0.313900 -0.134700 -0.540200
-0.313500 -0.181200 -0.432200
-0.361300 -0.178500 -0.524000
