0.000000 1.000000 0.000000
0.084440 0.961900 -0.259900
0.273300 0.961900 0.000000
0.084440 0.961900 0.259900
-0.221100 0.961900 0.160600
-0.221100 0.961900 -0.160600
-0.138200 0.894400 -0.425300
0.162500 0.850700 -0.500000
0.361800 0.894400 -0.262900
0.525700 0.850700 0.000000
0.361800 0.894400 0.262900
0.162500 0.850700 0.500000
-0.138200 0.894400 0.425300
-0.425300 0.850700 0.309000
-0.447200 0.894400 0.000000
-0.425300 0.850700 -0.309000
-0.344300 0.740400 -0.577300
-0.060790 0.740400 -0.669400
0.228100 0.674600 -0.702000
0.442700 0.740400 -0.505800
0.617900 0.740400 -0.264700
0.738200 0.674600 0.000000
0.617900 0.740400 0.264700
0.442700 0.740400 0.505800
0.228100 0.674600 0.702000
-0.060790 0.740400 0.669400
-0.344300 0.740400 0.577300
-0.597200 0.674600 0.433900
-0.655400 0.740400 0.149000
-0.655400 0.740400 -0.149000
-0.597200 0.674600 -0.433900
-0.512800 0.505700 -0.693800
-0.262900 0.525700 -0.809000
0.007031 0.505700 -0.862700
0.276400 0.447200 -0.850700
0.501400 0.505700 -0.702000
0.688200 0.525700 -0.500000
0.822600 0.505700 -0.259900
0.894400 0.447200 0.000000
0.822600 0.505700 0.259900
0.688200 0.525700 0.500000
0.501400 0.505700 0.702000
0.276400 0.447200 0.850700
0.007032 0.505700 0.862700
-0.262900 0.525700 0.809000
-0.512800 0.505700 0.693800
-0.723600 0.447200 0.525700
-0.818300 0.505700 0.273300
-0.850700 0.525700 0.000000
-0.818300 0.505700 -0.273300
-0.723600 0.447200 -0.525700
-0.681600 0.232500 -0.693800
-0.437000 0.255100 -0.862500
-0.153500 0.255100 -0.954700
0.143700 0.232500 -0.961900
0.449200 0.232500 -0.862700
0.685300 0.255100 -0.682100
0.860500 0.255100 -0.441000
0.959300 0.232500 -0.160600
0.959300 0.232500 0.160600
0.860500 0.255100 0.441000
0.685300 0.255100 0.682100
0.449200 0.232500 0.862700
0.143700 0.232500 0.961900
-0.153500 0.255100 0.954700
-0.437000 0.255100 0.862500
-0.681600 0.232500 0.693800
-0.870500 0.232500 0.433900
-0.955400 0.255100 0.149000
-0.955400 0.255100 -0.149000
-0.870500 0.232500 -0.433900
-0.809000 0.000000 -0.587800
-0.587800 0.000000 -0.809000
-0.309000 0.000000 -0.951100
0.000000 0.000000 -1.000000
0.309000 0.000000 -0.951100
0.587800 0.000000 -0.809000
0.809000 0.000000 -0.587800
0.951100 0.000000 -0.309000
1.000000 0.000000 0.000000
0.951100 0.000000 0.309000
0.809000 0.000000 0.587800
0.587800 0.000000 0.809000
0.309000 0.000000 0.951100
0.000000 0.000000 1.000000
-0.309000 0.000000 0.951100
-0.587800 0.000000 0.809000
-0.809000 0.000000 0.587800
-0.951100 0.000000 0.309000
-1.000000 0.000000 0.000000
-0.951100 0.000000 -0.309000
-0.860500 -0.255100 -0.441000
-0.685300 -0.255100 -0.682100
-0.449200 -0.232500 -0.862700
-0.143700 -0.232500 -0.961900
0.153500 -0.255100 -0.954700
0.437000 -0.255100 -0.862500
0.681600 -0.232500 -0.693800
0.870500 -0.232500 -0.433900
0.955400 -0.255100 -0.149000
0.955400 -0.255100 0.149000
0.870500 -0.232500 0.433900
0.681600 -0.232500 0.693800
0.437000 -0.255100 0.862500
0.153500 -0.255100 0.954700
-0.143700 -0.232500 0.961900
-0.449200 -0.232500 0.862700
-0.685300 -0.255100 0.682100
-0.860500 -0.255100 0.441000
-0.959300 -0.232500 0.160600
-0.959300 -0.232500 -0.160600
-0.822600 -0.505700 -0.259900
-0.688200 -0.525700 -0.500000
-0.501400 -0.505700 -0.702000
-0.276400 -0.447200 -0.850700
-0.007031 -0.505700 -0.862700
0.262900 -0.525700 -0.809000
0.512800 -0.505700 -0.693800
0.723600 -0.447200 -0.525700
0.818300 -0.505700 -0.273300
0.850700 -0.525700 0.000000
0.818300 -0.505700 0.273300
0.723600 -0.447200 0.525700
0.512800 -0.505700 0.693800
0.262900 -0.525700 0.809000
-0.007031 -0.505700 0.862700
-0.276400 -0.447200 0.850700
-0.501400 -0.505700 0.702000
-0.688200 -0.525700 0.500000
-0.822600 -0.505700 0.259900
-0.894400 -0.447200 0.000000
-0.738200 -0.674600 0.000000
-0.617900 -0.740400 -0.264700
-0.442700 -0.740400 -0.505800
-0.228100 -0.674600 -0.702000
0.060790 -0.740400 -0.669400
0.344300 -0.740400 -0.577300
0.597200 -0.674600 -0.433900
0.655400 -0.740400 -0.149000
0.655400 -0.740400 0.149000
0.597200 -0.674600 0.433900
0.344300 -0.740400 0.577300
0.060790 -0.740400 0.669400
-0.228100 -0.674600 0.702000
-0.442700 -0.740400 0.505800
-0.617900 -0.740400 0.264700
-0.525700 -0.850700 0.000000
-0.361800 -0.894400 -0.262900
-0.162500 -0.850700 -0.500000
0.138200 -0.894400 -0.425300
0.425300 -0.850700 -0.309000
0.447200 -0.894400 0.000000
0.425300 -0.850700 0.309000
0.138200 -0.894400 0.425300
-0.162500 -0.850700 0.500000
-0.361800 -0.894400 0.262900
-0.273300 -0.961900 0.000000
-0.084440 -0.961900 -0.259900
0.221100 -0.961900 -0.160600
0.221100 -0.961900 0.160600
-0.084440 -0.961900 0.259900
0.000000 -1.000000 0.000000
